ticker,SPY,EEM,IEF,TLT,LQD,HYG,DBC,GLD,VNQ
SPY,1.0,0.741,-0.101,-0.101,0.388,0.734,0.443,0.079,0.736
EEM,0.741,1.0,-0.027,-0.057,0.406,0.698,0.541,0.328,0.608
IEF,-0.101,-0.027,1.0,0.918,0.678,0.078,-0.269,0.317,0.122
TLT,-0.101,-0.057,0.918,1.0,0.654,0.04,-0.323,0.234,0.139
LQD,0.388,0.406,0.678,0.654,1.0,0.689,0.082,0.278,0.517
HYG,0.734,0.698,0.078,0.04,0.689,1.0,0.408,0.163,0.763
DBC,0.443,0.541,-0.269,-0.323,0.082,0.408,1.0,0.294,0.294
GLD,0.079,0.328,0.317,0.234,0.278,0.163,0.294,1.0,0.137
VNQ,0.736,0.608,0.122,0.139,0.517,0.763,0.294,0.137,1.0
