ticker,SPY,EEM,IEF,TLT,LQD,HYG,DBC,GLD,VNQ
SPY,1.0,0.796,0.126,0.084,0.492,0.758,0.441,0.13,0.794
EEM,0.796,1.0,0.081,0.053,0.474,0.756,0.587,0.411,0.732
IEF,0.126,0.081,1.0,0.913,0.744,0.263,-0.136,0.352,0.227
TLT,0.084,0.053,0.913,1.0,0.706,0.214,-0.239,0.212,0.199
LQD,0.492,0.474,0.744,0.706,1.0,0.751,0.085,0.267,0.516
HYG,0.758,0.756,0.263,0.214,0.751,1.0,0.422,0.245,0.82
DBC,0.441,0.587,-0.136,-0.239,0.085,0.422,1.0,0.469,0.421
GLD,0.13,0.411,0.352,0.212,0.267,0.245,0.469,1.0,0.213
VNQ,0.794,0.732,0.227,0.199,0.516,0.82,0.421,0.213,1.0
